0.65 0.0577657 0.311136
0.651 0.0560787 0.311055
0.652 0.0543934 0.311151
0.653 0.0527102 0.311442
0.654 0.051029 0.311947
0.655 0.0493502 0.31269
0.656 0.0476739 0.313696
0.657 0.0460004 0.314996
0.658 0.04433 0.316623
0.659 0.0426629 0.318617
0.66 0.0409996 0.321024
0.661 0.0393404 0.323897
0.662 0.0376859 0.327299
0.663 0.0360366 0.331303
0.664 0.0343933 0.335995
0.665 0.0327567 0.341479
0.666 0.0311279 0.347878
0.667 0.029508 0.355338
0.668 0.0278985 0.364034
0.669 0.0263012 0.374179
0.67 0.0247184 0.386027
0.671 0.0231529 0.399885
0.672 0.0216083 0.416115
0.673 0.0200892 0.435145
0.674 0.0186019 0.457474
0.675 0.0171543 0.483568
0.676 0.0157572 0.514089
0.677 0.014425 0.549108
0.678 0.0131772 0.588126
0.679 0.0120397 0.630717
0.68 0.0110464 0.672218
0.681 0.0102388 0.7081
0.682 0.00966348 0.732311
0.683 0.00936269 0.730788
0.684 0.00936243 0.701374
0.685 0.00966294 0.644166
0.686 0.0102368 0.570887
0.687 0.0110412 0.49201
0.688 0.0120298 0.417426
0.689 0.0131606 0.354998
0.69 0.0144001 0.29568
0.691 0.0157222 0.250329
0.692 0.0171076 0.212413
0.693 0.0185419 0.181689
0.694 0.0200142 0.156056
0.695 0.0215167 0.135168
0.696 0.0230432 0.11776
0.697 0.0245891 0.103328
0.698 0.0261508 0.0911142
0.699 0.0277255 0.0808442
0.7 0.0293108 0.072115
0.701 0.0309051 0.064665
0.702 0.0325068 0.0582662
0.703 0.0341148 0.0527431
0.704 0.0357282 0.0479525
0.705 0.037346 0.0437778
0.706 0.0389677 0.0401232
0.707 0.0405926 0.0369107
0.708 0.0422203 0.034075
0.709 0.0438503 0.0315624
0.71 0.0454824 0.0293277
0.711 0.0471162 0.027333
0.712 0.0487514 0.0255463
0.713 0.0503878 0.0240533
0.714 0.0520252 0.0227662
0.715 0.0536635 0.0215992
0.716 0.0553025 0.0205375
0.717 0.0569419 0.0195682
0.718 0.0585818 0.0186806
0.719 0.060222 0.017865
0.72 0.0618625 0.0171134
0.721 0.063503 0.0164186
0.722 0.0651436 0.0157745
0.723 0.0667842 0.0151758
0.724 0.0684247 0.0146178
0.725 0.070065 0.0140963
0.726 0.0717052 0.0136076
0.727 0.0733451 0.0131488
0.728 0.0749847 0.0127168
0.729 0.076624 0.0123094
0.73 0.078263 0.0119241
0.731 0.0799015 0.0115591
0.732 0.0815397 0.0112128
0.733 0.0831774 0.0108834
0.734 0.0848146 0.0105697
0.735 0.0864514 0.0102703
0.736 0.0880876 0.00998427
0.737 0.0897233 0.00971049
0.738 0.0913585 0.0094481
0.739 0.0929931 0.00919628
0.74 0.0946271 0.00895432
0.741 0.0962606 0.00872153
0.742 0.0978934 0.00849734
0.743 0.0995257 0.00828118
0.744 0.101157 0.00807257
0.745 0.102788 0.00787106
0.746 0.104419 0.00767623
0.747 0.106048 0.00748771
0.748 0.107677 0.00730514
0.749 0.109306 0.00712822
0.75 0.110934 0.00695666
