0 1 2.96596e-15
0.01 0.975717 0.000590638
0.02 0.947711 0.00211914
0.03 0.918626 0.00447264
0.04 0.890258 0.00760768
0.05 0.864138 0.0115043
0.06 0.83503 0.0161542
0.07 0.812746 0.0215551
0.08 0.782531 0.0277067
0.09 0.755617 0.0346085
0.1 0.732658 0.0422564
0.11 0.708007 0.0506399
0.12 0.683599 0.0597401
0.13 0.660489 0.0695265
0.14 0.637715 0.080056
0.15 0.617 0.091438
0.16 0.594795 0.103556
0.17 0.573918 0.116391
0.18 0.555951 0.129915
0.19 0.537247 0.144092
0.2 0.519384 0.158875
0.21 0.502704 0.174203
0.22 0.485914 0.190005
0.23 0.470716 0.206193
0.24 0.45673 0.222668
0.25 0.442123 0.239311
0.26 0.429626 0.255993
0.27 0.41845 0.272564
0.28 0.406066 0.288861
0.29 0.395946 0.304708
0.3 0.386364 0.319914
0.31 0.378777 0.334276
0.32 0.368913 0.347585
0.33 0.362832 0.359629
0.34 0.354687 0.370193
0.35 0.349759 0.379074
0.36 0.345429 0.386083
0.37 0.342129 0.391052
0.38 0.336803 0.393845
0.39 0.336236 0.394364
0.4 0.33408 0.392557
0.41 0.333268 0.388419
0.42 0.330975 0.381999
0.43 0.328558 0.373398
0.44 0.330231 0.362765
0.45 0.335714 0.350292
0.46 0.337615 0.336209
0.47 0.339321 0.32077
0.48 0.343303 0.304248
0.49 0.347777 0.286921
0.5 0.352195 0.269065
0.51 0.356398 0.250944
0.52 0.361312 0.232805
0.53 0.368576 0.214866
0.54 0.375028 0.197323
0.55 0.38223 0.18034
0.56 0.389689 0.16405
0.57 0.397772 0.148556
0.58 0.406156 0.133935
0.59 0.415196 0.120237
0.6 0.424616 0.107488
0.61 0.43437 0.0956981
0.62 0.444531 0.0848563
0.63 0.455077 0.0749412
0.64 0.465569 0.0659207
0.65 0.476991 0.0577538
0.66 0.488778 0.0503951
0.67 0.500653 0.0437937
0.68 0.512834 0.0378979
0.69 0.525154 0.0326545
0.7 0.538015 0.0280116
0.71 0.550998 0.0239179
0.72 0.564216 0.0203233
0.73 0.577673 0.0171807
0.74 0.591367 0.0144456
0.75 0.605247 0.0120761
0.76 0.619337 0.010033
0.77 0.633639 0.00828033
0.78 0.648085 0.00678482
0.79 0.662725 0.00551602
0.8 0.677534 0.00444636
0.81 0.692504 0.00355055
0.82 0.707622 0.00280583
0.83 0.722901 0.00219176
0.84 0.738313 0.00168999
0.85 0.753862 0.00128411
0.86 0.769647 0.000959658
0.87 0.785319 0.000703314
0.88 0.801286 0.000504175
0.89 0.817456 0.000352061
0.9 0.833409 0.000238274
0.91 0.849689 0.000155274
0.92 0.867453 9.65307e-05
0.93 0.884269 5.65372e-05
0.94 0.89973 3.06184e-05
0.95 0.916174 1.59752e-05
0.96 0.93351 6.20286e-06
0.97 0.949159 2.02027e-06
0.98 0.967788 4.19187e-07
0.99 0.987248 2.76371e-08
