0.5 0.390822 0.353742
0.505 0.379104 0.36034
0.51 0.367502 0.366916
0.515 0.356014 0.37347
0.52 0.344641 0.38
0.525 0.333383 0.386505
0.53 0.32224 0.392987
0.535 0.311212 0.39945
0.54 0.300299 0.405899
0.545 0.289501 0.412341
0.55 0.278819 0.418787
0.555 0.268253 0.425252
0.56 0.257803 0.431753
0.565 0.247469 0.438314
0.57 0.237254 0.444961
0.575 0.227157 0.451729
0.58 0.217181 0.458659
0.585 0.207327 0.465798
0.59 0.197597 0.473205
0.595 0.187997 0.480945
0.6 0.178528 0.489098
0.605 0.169198 0.497752
0.61 0.160012 0.507007
0.615 0.150981 0.516977
0.62 0.142114 0.527784
0.625 0.133426 0.539554
0.63 0.124937 0.552409
0.635 0.116668 0.56645
0.64 0.108651 0.581725
0.645 0.100925 0.59818
0.65 0.0935407 0.615572
0.655 0.0865631 0.633338
0.66 0.0800759 0.650407
0.665 0.0741845 0.664956
0.67 0.0690177 0.674186
0.675 0.0647251 0.674306
0.68 0.0614659 0.66103
0.685 0.0593867 0.630884
0.69 0.0585907 0.583047
0.695 0.0591083 0.520568
0.7 0.0608867 0.44975
0.705 0.0638031 0.37785
0.71 0.067695 0.310732
0.715 0.0723915 0.251802
0.72 0.0777351 0.202217
0.725 0.0835911 0.161656
0.73 0.0898503 0.129057
0.735 0.096426 0.103125
0.74 0.103251 0.0826063
0.745 0.110272 0.0664001
0.75 0.117449 0.0535944
0.755 0.12475 0.0434554
0.76 0.13215 0.0354031
0.765 0.139629 0.0289838
0.77 0.147172 0.0238442
0.775 0.154766 0.0197099
0.78 0.162401 0.0163678
0.785 0.170069 0.0136523
0.79 0.177763 0.0114343
0.795 0.185477 0.00961304
0.8 0.193208 0.00810965
0.805 0.200951 0.00688038
0.81 0.208704 0.00586825
0.815 0.216463 0.00501479
0.82 0.224227 0.00429162
0.825 0.231992 0.00367612
0.83 0.239759 0.00315018
0.835 0.247526 0.0026992
0.84 0.25529 0.00231137
0.845 0.263052 0.00197706
0.85 0.27081 0.00168837
0.855 0.278564 0.00143878
0.86 0.286313 0.00122287
0.865 0.294057 0.00103608
0.87 0.301794 0.000874597
0.875 0.309524 0.000735147
0.88 0.317248 0.000614942
0.885 0.324964 0.000511576
0.89 0.332673 0.000422962
0.895 0.340374 0.000347276
0.9 0.348067 0.000282918
0.905 0.355751 0.000228477
0.91 0.363427 0.000182703
0.915 0.371094 0.000144484
0.92 0.378752 0.00011283
0.925 0.386401 8.68557e-05
0.93 0.394041 6.57706e-05
0.935 0.401672 4.8867e-05
0.94 0.409293 3.55125e-05
0.945 0.416905 2.51421e-05
0.95 0.424508 1.72529e-05
0.955 0.432101 1.13967e-05
0.96 0.439684 7.18414e-06
0.965 0.447258 4.26586e-06
0.97 0.454822 2.34192e-06
0.975 0.462376 1.15477e-06
0.98 0.469986 4.87182e-07
0.985 0.477586 1.60532e-07
0.99 0.485058 3.3662e-08
0.995 0.493316 0
