0 1 1.85573e-15
0.01 0.983358 0.000554562
0.02 0.952295 0.00196416
0.03 0.925382 0.00409056
0.04 0.903909 0.00685408
0.05 0.879317 0.0101885
0.06 0.858856 0.0140313
0.07 0.83555 0.0183196
0.08 0.815019 0.0229898
0.09 0.826066 0.0279768
0.1 0.789152 0.0332149
0.11 0.759151 0.0386384
0.12 0.74068 0.0441823
0.13 0.723978 0.0497833
0.14 0.708299 0.0553801
0.15 0.692704 0.060914
0.16 0.678165 0.0663295
0.17 0.664213 0.0715743
0.18 0.651177 0.0765995
0.19 0.638369 0.0813597
0.2 0.626367 0.085813
0.21 0.614995 0.0899211
0.22 0.604215 0.0936489
0.23 0.594027 0.0969654
0.24 0.584432 0.099843
0.25 0.575392 0.102258
0.26 0.566937 0.104191
0.27 0.559062 0.105626
0.28 0.551727 0.106554
0.29 0.544976 0.106967
0.3 0.538791 0.106866
0.31 0.533178 0.106255
0.32 0.528133 0.105144
0.33 0.523661 0.103551
0.34 0.519779 0.101495
0.35 0.516455 0.0990046
0.36 0.513718 0.0961119
0.37 0.511499 0.092854
0.38 0.50995 0.0892721
0.39 0.508823 0.0854109
0.4 0.508331 0.0813177
0.41 0.508539 0.0770413
0.42 0.509006 0.0726314
0.43 0.510182 0.0681371
0.44 0.516279 0.0636063
0.45 0.514197 0.0590848
0.46 0.516797 0.054615
0.47 0.520021 0.0502359
0.48 0.523714 0.0459821
0.49 0.527841 0.0418834
0.5 0.532475 0.0379649
0.51 0.538856 0.0342468
0.52 0.543118 0.030744
0.53 0.548851 0.0274672
0.54 0.555134 0.0244225
0.55 0.562053 0.0216118
0.56 0.568932 0.0190338
0.57 0.575835 0.0166839
0.58 0.583442 0.0145548
0.59 0.591285 0.0126372
0.6 0.599424 0.0109202
0.61 0.610467 0.00939155
0.62 0.618262 0.00803824
0.63 0.625863 0.00684682
0.64 0.634433 0.0058037
0.65 0.645746 0.00489539
0.66 0.65421 0.00410875
0.67 0.663325 0.00346277
0.68 0.674294 0.0029118
0.69 0.689277 0.00243668
0.7 0.693525 0.00202904
0.71 0.713537 0.00168103
0.72 0.723997 0.0013855
0.73 0.724633 0.00113571
0.74 0.75058 0.000925725
0.75 0.745348 0.000750124
0.76 0.754145 0.000604069
0.77 0.787854 0.000483259
0.78 0.797473 0.000383905
0.79 0.791766 0.000302685
0.8 0.796285 0.000236706
0.81 0.808224 0.000183466
0.82 0.832549 0.000140813
0.83 0.828795 0.000106906
0.84 0.848065 8.01797e-05
0.85 0.851044 6.06505e-05
0.86 0.863733 4.5361e-05
0.87 0.874166 3.3265e-05
0.88 0.88388 2.38381e-05
0.89 0.894453 1.66302e-05
0.9 0.902429 1.12375e-05
0.91 0.912117 7.30603e-06
0.92 0.921796 4.52899e-06
0.93 0.931654 2.64305e-06
0.94 0.941328 1.4462e-06
0.95 0.950976 6.96699e-07
0.96 0.960432 3.03321e-07
0.97 0.97034 9.79207e-08
0.98 0.9801 2.01051e-08
0.99 0.990016 1.36254e-09
