0 2 2.29982e-15
0.01 1.96543 0.000156475
0.02 1.92884 0.000565408
0.03 1.89299 0.00119876
0.04 1.85806 0.00204554
0.05 1.82216 0.00310031
0.06 1.78692 0.00436049
0.07 1.7518 0.0058252
0.08 1.71682 0.00749468
0.09 1.68197 0.00936996
0.1 1.64726 0.0114526
0.11 1.61271 0.0137447
0.12 1.57832 0.0162486
0.13 1.54409 0.0189667
0.14 1.51004 0.0219017
0.15 1.47617 0.0250565
0.16 1.44249 0.0284338
0.17 1.409 0.0320365
0.18 1.37572 0.0358673
0.19 1.34264 0.0399291
0.2 1.30979 0.0442243
0.21 1.27716 0.0487555
0.22 1.24477 0.0535251
0.23 1.21261 0.058535
0.24 1.1807 0.0637874
0.25 1.14905 0.0692838
0.26 1.11766 0.0750258
0.27 1.08653 0.0810146
0.28 1.05568 0.0872511
0.29 1.02511 0.0937359
0.3 0.99482 0.10047
0.31 0.964823 0.107452
0.32 0.935122 0.114683
0.33 0.905722 0.122163
0.34 0.876626 0.129891
0.35 0.84784 0.137865
0.36 0.819367 0.146086
0.37 0.791211 0.154552
0.38 0.763376 0.163261
0.39 0.735863 0.172215
0.4 0.708677 0.18141
0.41 0.681819 0.190848
0.42 0.655293 0.200529
0.43 0.6291 0.210453
0.44 0.603243 0.220623
0.45 0.577724 0.231042
0.46 0.552546 0.241716
0.47 0.527711 0.252654
0.48 0.503221 0.263865
0.49 0.479082 0.275366
0.5 0.455295 0.287177
0.51 0.431866 0.299324
0.52 0.408802 0.311841
0.53 0.38611 0.324773
0.54 0.363799 0.338175
0.55 0.341883 0.352112
0.56 0.320376 0.36667
0.57 0.299299 0.381945
0.58 0.27868 0.398051
0.59 0.258552 0.415112
0.6 0.238963 0.433252
0.61 0.219972 0.452571
0.62 0.201662 0.473093
0.63 0.184143 0.494678
0.64 0.167564 0.516847
0.65 0.152129 0.538502
0.66 0.138108 0.557482
0.67 0.125856 0.570036
0.68 0.115813 0.570545
0.69 0.108466 0.552348
0.7 0.10426 0.510621
0.71 0.103457 0.446503
0.72 0.106021 0.368605
0.73 0.111621 0.289123
0.74 0.11974 0.217918
0.75 0.129831 0.159702
0.76 0.141405 0.114898
0.77 0.154071 0.0817027
0.78 0.167532 0.0576726
0.79 0.18157 0.0405148
0.8 0.196024 0.028362
0.81 0.210778 0.0197943
0.82 0.225745 0.0137709
0.83 0.240864 0.00954414
0.84 0.256087 0.00658288
0.85 0.271379 0.00451196
0.86 0.286714 0.00306726
0.87 0.302072 0.00206298
0.88 0.317437 0.00136842
0.89 0.332799 0.000891588
0.9 0.348148 0.000567606
0.91 0.363477 0.000350646
0.92 0.378782 0.000208251
0.93 0.394058 0.000117373
0.94 0.409302 6.16044e-05
0.95 0.424512 2.92465e-05
0.96 0.439686 1.19631e-05
0.97 0.454823 3.84886e-06
0.98 0.469922 7.94504e-07
0.99 0.485939 5.47599e-08
1 0.5 0
