0.67 0.0237213 0.189914
0.6702 0.023374 0.189388
0.6704 0.0230268 0.189295
0.6706 0.0226796 0.188723
0.6708 0.0223325 0.188131
0.671 0.0219855 0.187337
0.6712 0.0216385 0.187319
0.6714 0.0212916 0.186408
0.6716 0.0209447 0.185941
0.6718 0.020598 0.186145
0.672 0.0202512 0.184873
0.6722 0.0199046 0.184691
0.6724 0.019558 0.183959
0.6726 0.0192114 0.183271
0.6728 0.018865 0.183164
0.673 0.0185185 0.182261
0.6732 0.0181722 0.182233
0.6734 0.0178259 0.181303
0.6736 0.0174797 0.180797
0.6738 0.0171335 0.180685
0.674 0.0167874 0.179884
0.6742 0.0164414 0.179489
0.6744 0.0160954 0.179434
0.6746 0.0157495 0.179058
0.6748 0.0154037 0.17854
0.675 0.0150579 0.177408
0.6752 0.0147122 0.177838
0.6754 0.0143665 0.1765
0.6756 0.014021 0.176563
0.6758 0.0136754 0.175832
0.676 0.0133299 0.17621
0.6762 0.0129846 0.176092
0.6764 0.0126393 0.177545
0.6766 0.012294 0.175387
0.6768 0.0119488 0.173533
0.677 0.0116037 0.178352
0.6772 0.0112586 0.178485
0.6774 0.0109136 0.181018
0.6776 0.0105687 0.18346
0.6778 0.0102239 0.172406
0.678 0.00987908 0.173386
0.6782 0.00953436 0.173254
0.6784 0.00918972 0.170756
0.6786 0.00884515 0.17165
0.6788 0.00849461 0.172828
0.679 0.00815622 0.183675
0.6792 0.00781187 0.186198
0.6794 0.00743946 0.191734
0.6796 0.00712341 0.168318
0.6798 0.00677857 0.169025
0.68 0.00643528 0.191845
0.6802 0.00609135 0.184224
0.6804 0.00574752 0.192
0.6806 0.0054038 0.232631
0.6808 0.00506018 0.195817
0.681 0.00471669 0.28139
0.6812 0.00437334 0.619021
0.6814 0.00363729 0.598165
0.6816 0.00182053 0.265165
0.6818 0.00334434 0.539041
0.682 0.0030018 0.691362
0.6822 0.00265968 0.677731
0.6824 0.00231802 0.730483
0.6826 0.00197706 0.742534
0.6828 0.00024717 0.737726
0.683 0.000833113 0.725709
0.6832 0.000340708 0.708499
0.6834 0.000115065 0.735786
0.6836 0.000322176 0.506923
0.6838 0.000257883 0.701025
0.684 0.00014096 0.697751
0.6842 0.000825765 0.646092
0.6844 0.000516726 0.66211
0.6846 0.00149426 0.68098
0.6848 0.00183326 0.737787
0.685 0.00083827 0.736122
0.6852 0.00240365 0.671196
0.6854 0.00285469 0.532522
0.6856 0.00319578 0.718921
0.6858 0.0035375 0.68534
0.686 0.00387913 0.486598
0.6862 0.00362234 0.588313
0.6864 0.00443811 0.660774
0.6866 0.00490434 0.300034
0.6868 0.00524484 0.0848389
0.687 0.00558789 0.219161
0.6872 0.00592896 0.156582
0.6874 0.00626988 0.332739
0.6876 0.00661181 0.125996
0.6878 0.00695401 0.175665
0.688 0.0072962 0.200749
0.6882 0.00763555 0.104968
0.6884 0.00797909 0.353819
0.6886 0.00832111 0.0320968
0.6888 0.00866254 0.0373613
0.689 0.00900402 0.0237468
0.6892 0.0093454 0.0514637
0.6894 0.00968636 0.0228263
0.6896 0.010028 0.0231317
0.6898 0.0103692 0.0228264
0.69 0.0107104 0.0227199
