0.65 0.0568585 0.263165
0.651 0.0551645 0.26154
0.652 0.0534708 0.260005
0.653 0.0517774 0.258569
0.654 0.0500846 0.257252
0.655 0.0483924 0.256051
0.656 0.0467008 0.254969
0.657 0.04501 0.25403
0.658 0.0433201 0.25331
0.659 0.0416313 0.253063
0.66 0.0399437 0.252316
0.661 0.0382574 0.252673
0.662 0.0365726 0.252548
0.663 0.0348898 0.253144
0.664 0.0332089 0.253956
0.665 0.0315303 0.255232
0.666 0.0298545 0.258365
0.667 0.0281819 0.263516
0.668 0.026513 0.274123
0.669 0.0248486 0.267455
0.67 0.0231895 0.271128
0.671 0.0215369 0.339253
0.672 0.0198923 0.331667
0.673 0.018165 0.303019
0.674 0.0165584 0.357891
0.675 0.0150315 0.454072
0.676 0.0134496 0.442439
0.677 0.0118993 0.546545
0.678 0.0103942 0.64429
0.679 0.0089556 0.677839
0.68 0.00759067 0.714686
0.681 0.00531328 0.738605
0.682 0.00536418 0.73047
0.683 0.00454707 0.742705
0.684 0.00511849 0.723701
0.685 0.00533056 0.729947
0.686 0.00678327 0.737578
0.687 0.00784741 0.67429
0.688 0.00935776 0.688392
0.689 0.0096978 0.719345
0.69 0.0123221 0.529631
0.691 0.0138729 0.349707
0.692 0.0146636 0.655318
0.693 0.0151513 0.408125
0.694 0.0172914 0.378526
0.695 0.0202828 0.238381
0.696 0.0219133 0.204267
0.697 0.0233156 0.22927
0.698 0.0238145 0.285754
0.699 0.0268366 0.173137
