0.68 0.959031 0.0582995
0.6802 0.955088 0.0635605
0.6804 0.950535 0.0695504
0.6806 0.945 0.0767285
0.6808 0.938779 0.0846673
0.681 0.931104 0.094316
0.6812 0.921232 0.106529
0.6814 0.910598 0.119446
0.6816 0.91951 0.108327
0.6818 0.879922 0.15574
0.682 0.861109 0.177434
0.6822 0.835896 0.20601
0.6824 0.829802 0.212752
0.6826 0.810536 0.234115
0.6828 0.725763 0.326085
0.683 0.669594 0.385122
0.6832 0.641849 0.413798
0.6834 0.573232 0.483793
0.6836 0.481138 0.575529
0.6838 0.442466 0.613204
0.684 0.412514 0.642122
0.6842 0.317919 0.731599
0.6844 0.260222 0.784477
0.6846 0.22801 0.813577
0.6848 0.209408 0.830218
0.685 0.185512 0.851117
0.6852 0.151972 0.879958
0.6854 0.14895 0.882631
0.6856 0.141694 0.888789
0.6858 0.108372 0.916138
0.686 0.103573 0.920067
0.6862 0.099052 0.923808
0.6864 0.0922784 0.929229
0.6866 0.0838528 0.935846
0.6868 0.0739947 0.943415
0.687 0.0613624 0.952898
0.6872 0.0651033 0.950198
0.6874 0.0527198 0.959134
0.6876 0.0515515 0.960019
0.6878 0.0491554 0.961808
0.688 0.049127 0.961914
0.6882 0.0409129 0.967369
0.6884 0.0408454 0.967644
0.6886 0.0398059 0.968408
0.6888 0.0374363 0.970045
0.689 0.036995 0.97042
0.6892 0.0338963 0.972442
0.6894 0.0328377 0.973194
0.6896 0.0313582 0.974187
0.6898 0.0300143 0.97507
0.69 0.0291177 0.97572
