0.65 1 0.0703566 0.207021
0.651 0.999992 0.0704447 0.207111
0.652 0.999969 0.0705879 0.207258
0.653 0.99993 0.0707909 0.207467
0.654 0.999876 0.0710588 0.207744
0.655 0.999807 0.0713975 0.208094
0.656 0.999723 0.0718136 0.208525
0.657 0.999624 0.072315 0.209045
0.658 0.999511 0.0729106 0.209663
0.659 0.999384 0.0736107 0.210391
0.66 0.999242 0.0744275 0.211242
0.661 0.999085 0.0753753 0.212232
0.662 0.998914 0.076471 0.213378
0.663 0.998728 0.0777347 0.214705
0.664 0.998526 0.0791907 0.216239
0.665 0.998307 0.0808684 0.218013
0.666 0.998071 0.0828037 0.220068
0.667 0.997816 0.0850413 0.222457
0.668 0.997538 0.087637 0.225245
0.669 0.997234 0.0906615 0.228514
0.67 0.996899 0.0942062 0.232374
0.671 0.996524 0.0983899 0.236968
0.672 0.996096 0.103373 0.242491
0.673 0.995596 0.109371 0.24921
0.674 0.994992 0.11669 0.257505
0.675 0.99423 0.125766 0.267929
0.676 0.99322 0.137252 0.281311
0.677 0.991794 0.152164 0.298951
0.678 0.989625 0.172158 0.322968
0.679 0.985938 0.200702 0.357716
0.68 0.979321 0.241339 0.407443
0.681 0.965201 0.306055 0.485113
0.682 0.908739 0.46637 0.651114
0.683 0.837501 0.593087 0.734018
0.684 0.728406 0.725616 0.745987
0.685 0.484174 0.898913 0.545286
0.686 0.375866 0.943029 0.407906
0.687 0.26529 0.972737 0.259172
0.688 0.223132 0.980542 0.203784
0.689 0.192331 0.9851 0.164888
0.69 0.173381 0.987509 0.141887
0.691 0.156517 0.989362 0.122183
0.692 0.145143 0.990528 0.109351
0.693 0.134432 0.991515 0.0976589
0.694 0.126929 0.992209 0.0897066
0.695 0.120437 0.992792 0.0830002
0.696 0.11493 0.993285 0.0774445
0.697 0.110437 0.993704 0.0730048
0.698 0.106601 0.994074 0.0692852
0.699 0.103254 0.994409 0.0660936
0.7 0.10035 0.994715 0.0633654
0.701 0.097798 0.994997 0.0610022
0.702 0.0955404 0.995261 0.0589374
0.703 0.0935304 0.995509 0.0571203
0.704 0.0917338 0.995743 0.0555131
0.705 0.0901194 0.995965 0.0540829
0.706 0.0886619 0.996177 0.0528031
0.707 0.0873411 0.996379 0.0516528
0.708 0.0861395 0.996572 0.0506142
0.709 0.085043 0.996758 0.0496731
0.71 0.0840392 0.996936 0.0488171
0.711 0.0831175 0.997106 0.0480358
0.712 0.0822688 0.99727 0.0473204
0.713 0.0814853 0.997428 0.0466635
0.714 0.0807604 0.99758 0.0460586
0.715 0.080088 0.997726 0.0455001
0.716 0.0794631 0.997866 0.0449832
0.717 0.078881 0.998001 0.0445037
0.718 0.0783379 0.99813 0.044058
0.719 0.07783 0.998254 0.0436427
0.72 0.0773544 0.998374 0.0432552
0.721 0.0769082 0.998488 0.0428927
0.722 0.0764889 0.998598 0.0425531
0.723 0.0760942 0.998702 0.0422344
0.724 0.0757222 0.998802 0.0419349
0.725 0.0753709 0.998898 0.0416529
0.726 0.0750389 0.998989 0.041387
0.727 0.0747246 0.999076 0.0411359
0.728 0.0744267 0.999159 0.0408985
0.729 0.0741439 0.999237 0.0406738
0.73 0.0738751 0.999311 0.0404606
0.731 0.0736193 0.999381 0.0402583
0.732 0.0733757 0.999447 0.040066
0.733 0.0731433 0.999509 0.0398831
0.734 0.0729214 0.999567 0.0397087
0.735 0.0727093 0.999621 0.0395425
0.736 0.0725063 0.999671 0.0393837
0.737 0.0723118 0.999718 0.039232
0.738 0.0721253 0.999761 0.0390868
0.739 0.0719462 0.9998 0.0389478
0.74 0.0717742 0.999835 0.0388145
0.741 0.0716087 0.999867 0.0386866
0.742 0.0714494 0.999895 0.0385638
0.743 0.0712958 0.99992 0.0384457
0.744 0.0711477 0.999942 0.038332
0.745 0.0710047 0.99996 0.0382226
0.746 0.0708665 0.999974 0.0381172
0.747 0.0707329 0.999986 0.0380154
0.748 0.0706035 0.999994 0.0379172
0.749 0.0704781 0.999998 0.0378223
