0.67 1 0.533266
0.6701 0.999999 0.534294
0.6702 0.999997 0.535336
0.6703 0.999993 0.536391
0.6704 0.999987 0.53746
0.6705 0.99998 0.538543
0.6706 0.99997 0.53964
0.6707 0.999959 0.540752
0.6708 0.999945 0.541879
0.6709 0.99993 0.54302
0.671 0.999912 0.544178
0.6711 0.999893 0.54535
0.6712 0.99987 0.546539
0.6713 0.999846 0.547744
0.6714 0.999818 0.548965
0.6715 0.999789 0.550203
0.6716 0.999756 0.551458
0.6717 0.999721 0.552731
0.6718 0.999682 0.55402
0.6719 0.999641 0.555328
0.672 0.999596 0.556655
0.6721 0.999548 0.557999
0.6722 0.999497 0.559362
0.6723 0.999442 0.560745
0.6724 0.999383 0.562147
0.6725 0.999321 0.563569
0.6726 0.999254 0.565011
0.6727 0.999183 0.566474
0.6728 0.999108 0.567958
0.6729 0.999029 0.569463
0.673 0.998944 0.57099
0.6731 0.998855 0.572539
0.6732 0.998761 0.574111
0.6733 0.998661 0.575705
0.6734 0.998556 0.577322
0.6735 0.998445 0.578964
0.6736 0.998328 0.580629
0.6737 0.998205 0.58232
0.6738 0.998076 0.584034
0.6739 0.99794 0.585775
0.674 0.997797 0.587541
0.6741 0.997646 0.589334
0.6742 0.997488 0.591153
0.6743 0.997323 0.593
0.6744 0.997149 0.594875
0.6745 0.996967 0.596778
0.6746 0.996776 0.59871
0.6747 0.996575 0.600672
0.6748 0.996365 0.602661
0.6749 0.996146 0.604682
0.675 0.995915 0.606735
0.6751 0.995675 0.608817
0.6752 0.995423 0.610932
0.6753 0.995159 0.61308
0.6754 0.994883 0.61526
0.6755 0.994595 0.617474
0.6756 0.994293 0.619722
0.6757 0.993978 0.622004
0.6758 0.993647 0.624331
0.6759 0.993303 0.626684
0.676 0.992944 0.629065
0.6761 0.992569 0.631493
0.6762 0.992176 0.633956
0.6763 0.991765 0.636465
0.6764 0.991339 0.638998
0.6765 0.990892 0.641579
0.6766 0.990426 0.644198
0.6767 0.989939 0.646857
0.6768 0.989431 0.649557
0.6769 0.988898 0.652314
0.677 0.988348 0.655084
0.6771 0.987768 0.657925
0.6772 0.987169 0.660779
0.6773 0.986542 0.66369
0.6774 0.985887 0.666646
0.6775 0.985204 0.669648
0.6776 0.984493 0.672693
0.6777 0.983751 0.675783
0.6778 0.982979 0.678912
0.6779 0.982172 0.682096
0.678 0.981331 0.685326
0.6781 0.980445 0.688639
0.6782 0.979527 0.691981
0.6783 0.978593 0.695292
0.6784 0.977605 0.6987
0.6785 0.976573 0.702163
0.6786 0.975489 0.705709
0.6787 0.974382 0.709228
0.6788 0.973212 0.712852
0.6789 0.971999 0.716508
0.679 0.970747 0.720179
0.6791 0.969439 0.723913
0.6792 0.968074 0.727704
0.6793 0.966631 0.731603
0.6794 0.965179 0.735421
0.6795 0.963644 0.739349
0.6796 0.962053 0.74331
0.6797 0.960394 0.747327
0.6798 0.958672 0.751383
0.6799 0.95688 0.755488
0.68 0.955001 0.759673
0.6801 0.953084 0.763823
0.6802 0.95111 0.767981
0.6803 0.949031 0.772236
0.6804 0.946849 0.776579
0.6805 0.944666 0.780802
0.6806 0.942402 0.785059
0.6807 0.939978 0.78949
0.6808 0.937485 0.793915
0.6809 0.93494 0.798304
0.681 0.932278 0.802764
0.6811 0.929528 0.807238
0.6812 0.926686 0.811726
0.6813 0.923861 0.81606
0.6814 0.920816 0.820596
0.6815 0.917637 0.825191
0.6816 0.914558 0.82951
0.6817 0.911258 0.834004
0.6818 0.907887 0.838459
0.6819 0.904384 0.842951
0.682 0.900706 0.847521
0.6821 0.897166 0.851788
0.6822 0.893371 0.856225
0.6823 0.889502 0.860611
0.6824 0.885494 0.865013
0.6825 0.881363 0.86941
0.6826 0.877388 0.873509
0.6827 0.873086 0.87781
0.6828 0.868767 0.881991
0.6829 0.864288 0.886189
0.683 0.859963 0.890116
0.6831 0.855329 0.894192
0.6832 0.850544 0.898263
0.6833 0.845854 0.902124
0.6834 0.840988 0.905999
0.6835 0.836277 0.90963
0.6836 0.831142 0.913458
0.6837 0.82618 0.917033
0.6838 0.821244 0.920474
0.6839 0.816571 0.923628
0.684 0.810693 0.927461
0.6841 0.805565 0.930684
0.6842 0.800332 0.933863
0.6843 0.795337 0.936797
0.6844 0.789642 0.940027
0.6845 0.784704 0.94273
0.6846 0.778783 0.945858
0.6847 0.773316 0.948639
0.6848 0.768096 0.951201
0.6849 0.763014 0.953611
0.685 0.756991 0.956362
0.6851 0.751778 0.958654
0.6852 0.746415 0.960929
0.6853 0.740696 0.963264
0.6854 0.735302 0.965381
0.6855 0.730222 0.967303
0.6856 0.724381 0.969429
0.6857 0.719666 0.97108
0.6858 0.714099 0.972957
0.6859 0.708548 0.974752
0.686 0.703066 0.976452
0.6861 0.69812 0.977925
0.6862 0.693108 0.979361
0.6863 0.687629 0.980865
0.6864 0.682781 0.98214
0.6865 0.677275 0.983526
0.6866 0.672607 0.984651
0.6867 0.667412 0.985849
0.6868 0.662884 0.986848
0.6869 0.65719 0.988046
0.687 0.652334 0.989017
0.6871 0.647912 0.989861
0.6872 0.642791 0.990792
0.6873 0.63873 0.991495
0.6874 0.633462 0.992361
0.6875 0.630105 0.992886
0.6876 0.6244 0.993733
0.6877 0.619971 0.99435
0.6878 0.615609 0.994924
0.6879 0.611809 0.995397
0.688 0.606911 0.99597
0.6881 0.602656 0.996436
0.6882 0.598652 0.996846
0.6883 0.594456 0.997248
0.6884 0.590323 0.997615
0.6885 0.586331 0.997944
0.6886 0.582722 0.99822
0.6887 0.57853 0.998514
0.6888 0.574824 0.998751
0.6889 0.570952 0.998976
0.689 0.567248 0.99917
0.6891 0.563603 0.99934
0.6892 0.560046 0.999487
0.6893 0.556536 0.999614
0.6894 0.553049 0.999722
0.6895 0.549571 0.999812
0.6896 0.5462 0.999882
0.6897 0.54288 0.999935
0.6898 0.539659 0.999971
0.6899 0.536392 0.999993
0.69 0.533241 1
