0.67 0.996603 0.0316874
0.6701 0.996571 0.0317926
0.6702 0.996538 0.0318997
0.6703 0.996506 0.0320119
0.6704 0.996473 0.0321204
0.6705 0.99644 0.0322354
0.6706 0.996407 0.0323494
0.6707 0.996374 0.0324672
0.6708 0.996341 0.0325874
0.6709 0.996308 0.0327099
0.671 0.996274 0.0328348
0.6711 0.99624 0.0329622
0.6712 0.996206 0.0330975
0.6713 0.996172 0.0332245
0.6714 0.996138 0.0333595
0.6715 0.996104 0.0334973
0.6716 0.99607 0.0336378
0.6717 0.996035 0.0337812
0.6718 0.996 0.0339274
0.6719 0.995965 0.0340766
0.672 0.99593 0.0342288
0.6721 0.995895 0.0343842
0.6722 0.995859 0.034543
0.6723 0.995824 0.0347045
0.6724 0.995788 0.0348698
0.6725 0.995752 0.0350384
0.6726 0.995716 0.03522
0.6727 0.99568 0.0353864
0.6728 0.995643 0.035566
0.6729 0.995606 0.0357961
0.673 0.99557 0.0359367
0.6731 0.995533 0.0361281
0.6732 0.995496 0.0363237
0.6733 0.995458 0.0365235
0.6734 0.995421 0.036728
0.6735 0.995383 0.0369366
0.6736 0.995345 0.03715
0.6737 0.995307 0.0373683
0.6738 0.995268 0.0375917
0.6739 0.99523 0.0378199
0.674 0.995191 0.0380535
0.6741 0.995152 0.0383181
0.6742 0.995113 0.038537
0.6743 0.995073 0.0387942
0.6744 0.995033 0.0390545
0.6745 0.994992 0.0394851
0.6746 0.994953 0.0395749
0.6747 0.994913 0.0398502
0.6748 0.994872 0.0401322
0.6749 0.994831 0.0404213
0.675 0.994789 0.0407406
0.6751 0.994748 0.0410214
0.6752 0.994706 0.0413328
0.6753 0.994664 0.041674
0.6754 0.994616 0.042401
0.6755 0.994578 0.0423171
0.6756 0.994535 0.0426619
0.6757 0.994491 0.0430694
0.6758 0.994448 0.0433807
0.6759 0.994403 0.0437547
0.676 0.994359 0.0441392
0.6761 0.994313 0.0445344
0.6762 0.994268 0.0449407
0.6763 0.994222 0.0453587
0.6764 0.994023 0.0532124
0.6765 0.994123 0.046551
0.6766 0.99408 0.0466872
0.6767 0.994032 0.0471566
0.6768 0.99397 0.0483494
0.6769 0.993898 0.0499691
0.677 0.993884 0.0486529
0.6771 0.993833 0.0491832
0.6772 0.993782 0.0497316
0.6773 0.993729 0.0502956
0.6774 0.993622 0.053234
0.6775 0.993622 0.0514824
0.6776 0.993547 0.0530275
0.6777 0.993511 0.052751
0.6778 0.99333 0.0580495
0.6779 0.993396 0.0541098
0.678 0.993337 0.0548259
0.6781 0.993276 0.0555683
0.6782 0.993174 0.0577855
0.6783 0.99315 0.0571373
0.6784 0.993085 0.0579672
0.6785 0.993018 0.0588297
0.6786 0.992949 0.0597264
0.6787 0.992761 0.0641529
0.6788 0.992804 0.0616314
0.6789 0.992542 0.0678085
0.679 0.99265 0.0637009
0.6791 0.992569 0.0648034
0.6792 0.992484 0.0659564
0.6793 0.992248 0.0708585
0.6794 0.992305 0.0684212
0.6795 0.992209 0.0697445
0.6796 0.992109 0.0711267
0.6797 0.992003 0.0725766
0.6798 0.991892 0.0741161
0.6799 0.991775 0.0757121
0.68 0.990708 0.0939085
0.6801 0.991464 0.0802791
0.6802 0.991377 0.0811046
0.6803 0.991126 0.0849588
0.6804 0.991065 0.0852303
0.6805 0.990024 0.100707
0.6806 0.990076 0.0993272
0.6807 0.989481 0.106699
0.6808 0.990281 0.0951113
0.6809 0.990037 0.0980331
0.681 0.980213 0.18357
0.6811 0.989517 0.103971
0.6812 0.989187 0.107645
0.6813 0.982141 0.170049
0.6814 0.988427 0.115664
0.6815 0.987964 0.120304
0.6816 0.987466 0.125065
0.6817 0.986892 0.130345
0.6818 0.901546 0.439434
0.6819 0.985442 0.142778
0.682 0.984608 0.149387
0.6821 0.983495 0.157777
0.6822 0.982303 0.166203
0.6823 0.98109 0.174271
0.6824 0.979317 0.185421
0.6825 0.977659 0.195134
0.6826 0.97588 0.204953
0.6827 0.971925 0.225228
0.6828 0.940786 0.340634
0.6829 0.968416 0.241296
0.683 0.784047 0.628804
0.6831 0.952685 0.302376
0.6832 0.943137 0.333114
0.6833 0.942204 0.335799
0.6834 0.698506 0.722723
0.6835 0.922293 0.390156
0.6836 0.881563 0.478663
0.6837 0.876029 0.489025
0.6838 0.83343 0.560367
0.6839 0.437556 0.900632
0.684 0.888202 0.465458
0.6841 0.792172 0.618239
0.6842 0.67394 0.745514
0.6843 0.322026 0.945218
0.6844 0.487987 0.875681
0.6845 0.584592 0.816397
0.6846 0.661111 0.756821
0.6847 0.410305 0.912815
0.6848 0.386304 0.922721
0.6849 0.63561 0.778098
0.685 0.23631 0.968024
0.6851 0.643245 0.771902
0.6852 0.213675 0.972677
0.6853 0.629976 0.78261
0.6854 0.158116 0.981679
0.6855 0.151847 0.982516
0.6856 0.144071 0.98349
0.6857 0.237886 0.967895
0.6858 0.133545 0.98473
0.6859 0.128652 0.98527
0.686 0.207148 0.974221
0.6861 0.131758 0.985023
0.6862 0.133731 0.984857
0.6863 0.143263 0.98383
0.6864 0.109285 0.987201
0.6865 0.138939 0.984384
0.6866 0.112945 0.986963
0.6867 0.100646 0.987964
0.6868 0.126076 0.985838
0.6869 0.11352 0.987034
0.687 0.152318 0.982998
0.6871 0.0946186 0.988517
0.6872 0.11319 0.987162
0.6873 0.0997593 0.988243
0.6874 0.0860062 0.989147
0.6875 0.0845538 0.989263
0.6876 0.0931648 0.98879
0.6877 0.0956805 0.988658
0.6878 0.0873034 0.989208
0.6879 0.0825913 0.989507
0.688 0.0929933 0.988927
0.6881 0.076292 0.989889
0.6882 0.0858956 0.989431
0.6883 0.078828 0.989835
0.6884 0.110806 0.987746
0.6885 0.0803928 0.989817
0.6886 0.0700157 0.990331
0.6887 0.0704932 0.990346
0.6888 0.0718549 0.990321
0.6889 0.067201 0.990541
0.689 0.0663355 0.990606
0.6891 0.069241 0.990528
0.6892 0.0833505 0.989897
0.6893 0.0639231 0.990791
0.6894 0.0677399 0.990685
0.6895 0.0650542 0.990816
0.6896 0.0617572 0.99096
0.6897 0.0645378 0.990899
0.6898 0.0620801 0.991014
0.6899 0.0610763 0.99108
0.69 0.0624172 0.991068
