0.65 0.0592121 0.372399
0.651 0.0575837 0.375785
0.652 0.0559606 0.379491
0.653 0.0543432 0.383546
0.654 0.0527318 0.387977
0.655 0.0511271 0.392817
0.656 0.0495295 0.398101
0.657 0.0479398 0.403868
0.658 0.0463585 0.410161
0.659 0.0447865 0.417026
0.66 0.0432249 0.424513
0.661 0.0416745 0.432679
0.662 0.0401366 0.441583
0.663 0.0386127 0.451289
0.664 0.0371042 0.461865
0.665 0.0356132 0.47338
0.666 0.0341418 0.485908
0.667 0.0326924 0.499517
0.668 0.0312681 0.51427
0.669 0.0298722 0.530226
0.67 0.028509 0.547391
0.671 0.027183 0.56577
0.672 0.0259 0.585289
0.673 0.0246664 0.605822
0.674 0.0234899 0.627058
0.675 0.0223793 0.648583
0.676 0.0213448 0.66983
0.677 0.0203977 0.689789
0.678 0.0195505 0.707495
0.679 0.0188167 0.721377
0.68 0.0182096 0.730009
0.681 0.0177421 0.731863
0.682 0.0174252 0.725632
0.683 0.017267 0.710781
0.684 0.0172717 0.686837
0.685 0.0174388 0.655142
0.686 0.0177637 0.617447
0.687 0.0182376 0.575096
0.688 0.0188492 0.53068
0.689 0.0195853 0.485781
0.69 0.0204323 0.442035
0.691 0.021377 0.400463
0.692 0.0224066 0.361733
0.693 0.02351 0.326179
0.694 0.0246771 0.293892
0.695 0.0258992 0.264785
0.696 0.0271686 0.238702
0.697 0.028479 0.215406
0.698 0.0298247 0.194646
0.699 0.0312012 0.176172
0.7 0.0326044 0.159717
0.701 0.0340308 0.145076
0.702 0.0354776 0.132029
0.703 0.0369423 0.120396
0.704 0.0384228 0.110005
0.705 0.0399171 0.100711
0.706 0.0414237 0.0923848
0.707 0.0429413 0.0849133
0.708 0.0444686 0.0781968
0.709 0.0460045 0.0721481
0.71 0.0475482 0.0666911
0.711 0.0490988 0.0617592
0.712 0.0506556 0.0572939
0.713 0.0522181 0.0532439
0.714 0.0537855 0.0495643
0.715 0.0553576 0.0462155
0.716 0.0569337 0.0431626
0.717 0.0585135 0.0403748
0.718 0.0600967 0.037825
0.719 0.061683 0.0354892
0.72 0.0632719 0.0333461
0.721 0.0648634 0.0313766
0.722 0.0664571 0.0295641
0.723 0.0680529 0.0278935
0.724 0.0696505 0.0263515
0.725 0.0712497 0.024926
0.726 0.0728505 0.0236066
0.727 0.0744527 0.0223835
0.728 0.076056 0.0212482
0.729 0.0776605 0.0202813
0.73 0.079266 0.019383
0.731 0.0808724 0.0185437
0.732 0.0824795 0.0177585
0.733 0.0840874 0.0170228
0.734 0.0856958 0.0163324
0.735 0.0873049 0.0156838
0.736 0.0889143 0.0150734
0.737 0.0905242 0.0144984
0.738 0.0921345 0.013956
0.739 0.093745 0.0134436
0.74 0.0953558 0.0129589
0.741 0.0969668 0.0125
0.742 0.0985779 0.0120649
0.743 0.100189 0.0116518
0.744 0.1018 0.0112593
0.745 0.103412 0.0108859
0.746 0.105023 0.0105303
0.747 0.106634 0.0101912
0.748 0.108246 0.00986762
0.749 0.109857 0.00955846
0.75 0.111468 0.00926281
