0 1 2.74391e-15
0.01 0.975329 0.000590542
0.02 0.957587 0.00211876
0.03 0.92186 0.0044708
0.04 0.894925 0.00760196
0.05 0.881481 0.0114904
0.06 0.851699 0.0161252
0.07 0.832617 0.0215006
0.08 0.785215 0.0276128
0.09 0.763545 0.0344566
0.1 0.737802 0.0420234
0.11 0.714196 0.0502988
0.12 0.69103 0.0592607
0.13 0.668692 0.0688767
0.14 0.645709 0.079104
0.15 0.626493 0.0898877
0.16 0.604775 0.10116
0.17 0.583892 0.112842
0.18 0.565757 0.12484
0.19 0.546898 0.137051
0.2 0.530301 0.149362
0.21 0.513119 0.161652
0.22 0.497415 0.173793
0.23 0.481028 0.185653
0.24 0.467174 0.197096
0.25 0.453445 0.207988
0.26 0.44146 0.218196
0.27 0.42827 0.22759
0.28 0.418233 0.236048
0.29 0.406434 0.243453
0.3 0.396133 0.249702
0.31 0.386171 0.254703
0.32 0.378887 0.258378
0.33 0.370796 0.26067
0.34 0.362288 0.261541
0.35 0.358686 0.260973
0.36 0.35075 0.258976
0.37 0.349121 0.255581
0.38 0.341933 0.250849
0.39 0.338283 0.24486
0.4 0.337337 0.237721
0.41 0.334798 0.231511
0.42 0.333457 0.224941
0.43 0.333079 0.217345
0.44 0.334091 0.208842
0.45 0.33597 0.199562
0.46 0.337159 0.189652
0.47 0.347161 0.17926
0.48 0.357101 0.168539
0.49 0.345989 0.157636
0.5 0.355224 0.14669
0.51 0.356077 0.135832
0.52 0.393533 0.125174
0.53 0.366295 0.114817
0.54 0.374863 0.104842
0.55 0.380253 0.0953157
0.56 0.404176 0.0862875
0.57 0.410647 0.0777924
0.58 0.428402 0.069852
0.59 0.414046 0.0624758
0.6 0.439621 0.0556631
0.61 0.436308 0.0494048
0.62 0.443734 0.0436851
0.63 0.466118 0.0384827
0.64 0.465397 0.033854
0.65 0.476739 0.0296721
0.66 0.515369 0.0259022
0.67 0.573053 0.022519
0.68 0.51277 0.0194958
0.69 0.547948 0.0168059
0.7 0.538816 0.0144228
0.71 0.550853 0.0123201
0.72 0.564117 0.010473
0.73 0.577586 0.00885726
0.74 0.591288 0.00745023
0.75 0.605195 0.00623058
0.76 0.619292 0.0051784
0.77 0.633584 0.00427535
0.78 0.648065 0.00350444
0.79 0.697482 0.00285009
0.8 0.67753 0.00229815
0.81 0.692492 0.00183565
0.82 0.70762 0.00145107
0.83 0.722898 0.00113383
0.84 0.738308 0.00087442
0.85 0.753861 0.000664595
0.86 0.769689 0.000496738
0.87 0.795131 0.00036421
0.88 0.80296 0.000261135
0.89 0.81756 0.00018239
0.9 0.838394 0.000123465
0.91 0.849892 8.04654e-05
0.92 0.866019 5.00346e-05
0.93 0.883752 2.93106e-05
0.94 0.899489 1.59911e-05
0.95 0.915688 7.78848e-06
0.96 0.938018 3.21876e-06
0.97 0.949836 1.05726e-06
0.98 0.970241 2.19334e-07
0.99 0.984048 1.98311e-08
