0 1 1.39481e-16
0.01 0.979933 0.000304032
0.02 0.964837 0.00109007
0.03 0.930761 0.00229723
0.04 0.905905 0.00389924
0.05 0.882864 0.00588095
0.06 0.87152 0.0082326
0.07 0.841032 0.0109474
0.08 0.81568 0.0140205
0.09 0.799188 0.0174477
0.1 0.778891 0.0212254
0.11 0.752034 0.0253497
0.12 0.743953 0.0298166
0.13 0.744836 0.0346208
0.14 0.714555 0.0397562
0.15 0.763086 0.0452151
0.16 0.66555 0.0509882
0.17 0.638061 0.0570641
0.18 0.721427 0.0634291
0.19 0.619004 0.0700666
0.2 0.66945 0.0769572
0.21 0.566725 0.0840781
0.22 0.56245 0.0914026
0.23 0.534552 0.0988996
0.24 0.546451 0.106534
0.25 0.503258 0.114266
0.26 0.498615 0.122048
0.27 0.561354 0.12983
0.28 0.593846 0.137552
0.29 0.452623 0.145149
0.3 0.447015 0.152549
0.31 0.427059 0.159672
0.32 0.416405 0.166433
0.33 0.408427 0.172739
0.34 0.396965 0.178493
0.35 0.38824 0.183595
0.36 0.38026 0.187944
0.37 0.383341 0.191439
0.38 0.366287 0.193988
0.39 0.360534 0.195507
0.4 0.355385 0.195927
0.41 0.351179 0.195199
0.42 0.347695 0.193298
0.43 0.371678 0.190223
0.44 0.343205 0.186005
0.45 0.342219 0.180702
0.46 0.342464 0.174404
0.47 0.34296 0.167222
0.48 0.344265 0.15929
0.49 0.346712 0.150756
0.5 0.349682 0.141776
0.51 0.353553 0.132506
0.52 0.362178 0.123099
0.53 0.363493 0.113697
0.54 0.369537 0.104426
0.55 0.376191 0.0953962
0.56 0.383458 0.0866984
0.57 0.391655 0.0784046
0.58 0.400562 0.0705687
0.59 0.408754 0.0632255
0.6 0.418194 0.0563971
0.61 0.428111 0.0500912
0.62 0.438627 0.0443037
0.63 0.449247 0.0390271
0.64 0.460408 0.0342407
0.65 0.545461 0.0299212
0.66 0.549713 0.0260419
0.67 0.495979 0.0225739
0.68 0.573908 0.0194874
0.69 0.521228 0.016752
0.7 0.53426 0.014338
0.71 0.547543 0.0122163
0.72 0.561059 0.0103594
0.73 0.620814 0.00874085
0.74 0.588825 0.00733624
0.75 0.602896 0.00612266
0.76 0.617351 0.00507897
0.77 0.691021 0.00418576
0.78 0.646439 0.00342529
0.79 0.66129 0.00278146
0.8 0.676326 0.00223964
0.81 0.69142 0.00178653
0.82 0.7068 0.00141057
0.83 0.722133 0.00110097
0.84 0.737794 0.000848337
0.85 0.753511 0.0006442
0.86 0.769094 0.000481117
0.87 0.799097 0.000352498
0.88 0.80095 0.000252591
0.89 0.818518 0.000176324
0.9 0.833576 0.000119303
0.91 0.871306 7.77198e-05
0.92 0.86676 4.83097e-05
0.93 0.882694 2.82912e-05
0.94 0.9081 1.53217e-05
0.95 0.920036 7.461e-06
0.96 0.942674 3.10551e-06
0.97 0.950168 4.22378e-08
0.98 0.966373 2.09925e-07
0.99 0.98471 6.47869e-10
