0 2 4.30065e-15
0.01 0.144978 0.000165323
0.02 1.40946 0.000601682
0.03 1.8791 0.00128255
0.04 1.84489 0.00219875
0.05 1.80735 0.00334701
0.06 1.77162 0.00472724
0.07 1.73454 0.00634143
0.08 1.69896 0.00819306
0.09 1.66163 0.0102869
0.1 1.62393 0.0126285
0.11 1.58787 0.0152247
0.12 1.55122 0.0180827
0.13 1.51462 0.0212107
0.14 1.47817 0.0246176
0.15 1.44173 0.0283128
0.16 1.4052 0.0323063
0.17 1.36967 0.0366088
0.18 1.33334 0.0412313
0.19 1.29816 0.0461855
0.2 1.26271 0.0504808
0.21 1.22748 0.0558897
0.22 1.19249 0.0631579
0.23 1.15774 0.0695598
0.24 1.12326 0.0763545
0.25 1.08905 0.0835541
0.26 1.05514 0.0878972
0.27 1.02153 0.0992136
0.28 0.988239 0.107694
0.29 0.955286 0.116621
0.3 0.922684 0.126
0.31 0.89045 0.135837
0.32 0.858596 0.146135
0.33 0.827137 0.156892
0.34 0.796089 0.168106
0.35 0.765464 0.179767
0.36 0.735277 0.191863
0.37 0.705539 0.204376
0.38 0.676263 0.217282
0.39 0.647461 0.230549
0.4 0.619142 0.244138
0.41 0.591316 0.257999
0.42 0.563992 0.272076
0.43 0.537177 0.2863
0.44 0.510877 0.300588
0.45 0.485096 0.31485
0.46 0.459838 0.328978
0.47 0.435104 0.342856
0.48 0.410894 0.356351
0.49 0.387203 0.369325
0.5 0.364029 0.381629
0.51 0.341362 0.393113
0.52 0.319193 0.403634
0.53 0.298166 0.413061
0.54 0.28161 0.421291
0.55 0.279778 0.428268
0.56 0.239405 0.433998
0.57 0.217088 0.438584
0.58 0.195783 0.442252
0.59 0.176652 0.445403
0.6 0.157893 0.448674
0.61 0.139502 0.453044
0.62 0.121493 0.459997
0.63 0.103903 0.471818
0.64 0.0868171 0.492107
0.65 0.0704196 0.526547
0.66 0.0551188 0.583046
0.67 0.0418861 0.663327
0.68 0.0330146 0.709005
0.69 0.0320695 0.563462
0.7 0.0394372 0.317457
0.71 0.0515481 0.160203
0.72 0.0657423 0.0830563
0.73 0.0808623 0.0456267
0.74 0.0964208 0.0265983
0.75 0.112161 0.016374
0.76 0.122863 0.0107812
0.77 0.143815 0.00744003
0.78 0.136751 0.00529843
0.79 0.0563428 0.00385834
0.8 0.18007 0.0028503
0.81 0.0603401 0.00212211
0.82 0.082311 0.00158392
0.83 0.0808066 0.00118004
0.84 0.119239 0.000874296
0.85 0.244299 0.000642059
0.86 0.023348 0.000465861
0.87 0.0564559 0.000332854
0.88 0.0364487 0.000233322
0.89 0.0344267 0.00015978
0.9 0.321117 0.000106288
0.91 0.0166587 6.8222e-05
0.92 0.00680211 4.18632e-05
0.93 0.393995 2.42446e-05
0.94 0.00167433 1.30357e-05
0.95 0.00787246 6.28343e-06
0.96 0.014944 2.59902e-06
0.97 0.0115921 8.41738e-07
0.98 0.469917 0.000623288
0.99 0.17097 0.00252148
1 0.5 0
