0 1 2.96596e-15
0.01 0.978474 0.000295303
0.02 0.955847 0.00105912
0.03 0.939404 0.00223405
0.04 0.904617 0.00379717
0.05 0.881077 0.00573709
0.06 0.860045 0.00804844
0.07 0.83526 0.0107295
0.08 0.811718 0.0137812
0.09 0.788901 0.0172058
0.1 0.766305 0.0210069
0.11 0.744031 0.0251884
0.12 0.721996 0.0297542
0.13 0.700441 0.0347076
0.14 0.679058 0.0400505
0.15 0.657697 0.0457826
0.16 0.636928 0.0519007
0.17 0.616545 0.0583971
0.18 0.596577 0.0652585
0.19 0.577059 0.0724646
0.2 0.558036 0.0799855
0.21 0.539533 0.0877805
0.22 0.521611 0.0957951
0.23 0.504321 0.103959
0.24 0.48771 0.112183
0.25 0.471842 0.120357
0.26 0.456779 0.128351
0.27 0.442585 0.13601
0.28 0.42933 0.143158
0.29 0.417084 0.149603
0.3 0.405916 0.15514
0.31 0.395898 0.159563
0.32 0.387085 0.162676
0.33 0.379543 0.164309
0.34 0.373318 0.164337
0.35 0.368444 0.16269
0.36 0.364944 0.159368
0.37 0.362822 0.154446
0.38 0.362068 0.148072
0.39 0.362652 0.140456
0.4 0.3646 0.131853
0.41 0.367628 0.122547
0.42 0.371892 0.112822
0.43 0.377235 0.102949
0.44 0.383835 0.0931683
0.45 0.390804 0.0836801
0.46 0.398849 0.0746405
0.47 0.407614 0.0661618
0.48 0.417013 0.0583157
0.49 0.426962 0.0511394
0.5 0.437388 0.0446419
0.51 0.448219 0.0388103
0.52 0.45939 0.033616
0.53 0.470844 0.0290197
0.54 0.482526 0.0249759
0.55 0.494392 0.0214359
0.56 0.506399 0.0183506
0.57 0.518512 0.0156718
0.58 0.530702 0.013354
0.59 0.542932 0.0113546
0.6 0.555189 0.00963458
0.61 0.567448 0.0081585
0.62 0.579695 0.00689465
0.63 0.591914 0.00581477
0.64 0.604096 0.0048939
0.65 0.616226 0.00411009
0.66 0.628302 0.00344416
0.67 0.640316 0.00287939
0.68 0.652269 0.00240126
0.69 0.664143 0.00199722
0.7 0.676385 0.00165643
0.71 0.687685 0.00136955
0.72 0.699345 0.00112856
0.73 0.710932 0.000926575
0.74 0.722445 0.000757688
0.75 0.733885 0.000616852
0.76 0.745254 0.000499752
0.77 0.756553 0.000402705
0.78 0.76778 0.000322567
0.79 0.77894 0.000256661
0.8 0.790034 0.000202707
0.81 0.801062 0.000158764
0.82 0.812028 0.000123185
0.83 0.822931 9.90126e-05
0.84 0.833774 7.9716e-05
0.85 0.844558 6.32072e-05
0.86 0.855284 4.92574e-05
0.87 0.865954 3.76337e-05
0.88 0.876569 2.8102e-05
0.89 0.88713 2.04291e-05
0.9 0.897639 1.43853e-05
0.91 0.908095 9.74647e-06
0.92 0.918501 6.29665e-06
0.93 0.928856 3.8299e-06
0.94 0.939162 2.15274e-06
0.95 0.94942 1.08632e-06
0.96 0.95963 4.68814e-07
0.97 0.969792 1.57977e-07
0.98 0.979908 3.38634e-08
0.99 0.989977 0
