0.65 0.057669 0.247912
0.652 0.0542248 0.243121
0.654 0.0507819 0.238526
0.656 0.0473407 0.234161
0.658 0.0439019 0.230072
0.66 0.0404659 0.226319
0.662 0.0370334 0.222987
0.664 0.033605 0.220204
0.666 0.0301816 0.218165
0.668 0.0267643 0.217214
0.67 0.0233549 0.21855
0.672 0.0199561 0.222504
0.674 0.0165724 0.232989
0.676 0.0132132 0.246175
0.678 0.00989992 0.275012
0.68 0.00669541 0.408303
0.682 0.00339219 0.658722
0.684 0.00288974 0.741647
0.686 0.00499219 0.595368
0.688 0.00800437 0.245547
0.69 0.0112779 0.116357
0.692 0.0145856 0.0563839
0.694 0.0179189 0.0390901
0.696 0.0212651 0.0315242
0.698 0.0246161 0.0256906
0.7 0.0279689 0.0228778
0.702 0.0313214 0.0205938
0.704 0.0346725 0.0189606
0.706 0.0380214 0.0176973
0.708 0.0413676 0.016632
0.71 0.0447107 0.0157064
0.712 0.0480505 0.014898
0.714 0.0513867 0.0141615
0.716 0.0547193 0.0134921
0.718 0.0580482 0.012873
0.72 0.0613732 0.012297
0.722 0.0646944 0.0117567
0.724 0.0680118 0.011248
0.726 0.0713252 0.0107668
0.728 0.0746348 0.0103101
0.73 0.0779405 0.00987585
0.732 0.0812424 0.00946202
0.734 0.0845404 0.00906703
0.736 0.0878345 0.00868952
0.738 0.0911249 0.00832838
0.74 0.0944114 0.00798258
0.742 0.0976943 0.00765126
0.744 0.100973 0.00733362
0.746 0.104249 0.00702895
0.748 0.107521 0.00673662
