0 1 2.07778e-15
0.01 0.980668 0.000294265
0.02 0.962645 0.0010446
0.03 0.945882 0.00216695
0.04 0.930327 0.00360024
0.05 0.915924 0.00528687
0.06 0.902611 0.00717025
0.07 0.890327 0.0091952
0.08 0.87901 0.0113091
0.09 0.868597 0.0134628
0.1 0.859024 0.0156121
0.11 0.85023 0.0177175
0.12 0.842156 0.0197452
0.13 0.834742 0.0216671
0.14 0.827932 0.0234603
0.15 0.821672 0.0251069
0.16 0.815911 0.0265938
0.17 0.810597 0.0279121
0.18 0.805684 0.0290566
0.19 0.801128 0.0300252
0.2 0.796886 0.0308186
0.21 0.79292 0.0314397
0.22 0.789194 0.0318933
0.23 0.785673 0.0321859
0.24 0.782328 0.0323249
0.25 0.779133 0.0323188
0.26 0.776063 0.0321766
0.27 0.773099 0.0319079
0.28 0.770225 0.0315226
0.29 0.767426 0.0310306
0.3 0.764693 0.030442
0.31 0.76202 0.0297666
0.32 0.759402 0.0290142
0.33 0.75684 0.0281944
0.34 0.754333 0.0273162
0.35 0.751887 0.0263887
0.36 0.749507 0.0254204
0.37 0.747201 0.0244193
0.38 0.744977 0.0233932
0.39 0.742845 0.0223493
0.4 0.740815 0.0212946
0.41 0.738898 0.0202353
0.42 0.737106 0.0191775
0.43 0.735449 0.0181266
0.44 0.73394 0.0170876
0.45 0.732589 0.0160651
0.46 0.731406 0.0150632
0.47 0.730402 0.0140856
0.48 0.729586 0.0131356
0.49 0.728968 0.012216
0.5 0.728557 0.0113291
0.51 0.728359 0.0104771
0.52 0.728382 0.0096615
0.53 0.728632 0.00888358
0.54 0.729116 0.00814425
0.55 0.729839 0.0074441
0.56 0.730804 0.00678338
0.57 0.732016 0.00616207
0.58 0.733478 0.00557988
0.59 0.735192 0.00503626
0.6 0.73716 0.00453046
0.61 0.739384 0.00406153
0.62 0.741864 0.00362835
0.63 0.744601 0.00322965
0.64 0.747594 0.00286404
0.65 0.750842 0.00253002
0.66 0.754345 0.00222603
0.67 0.7581 0.00195044
0.68 0.762106 0.00170159
0.69 0.766359 0.0014778
0.7 0.770859 0.00127739
0.71 0.775601 0.00109869
0.72 0.780582 0.000940069
0.73 0.785799 0.000799917
0.74 0.791247 0.000676685
0.75 0.796924 0.000568881
0.76 0.802825 0.000475077
0.77 0.808946 0.000393915
0.78 0.815282 0.000324113
0.79 0.821828 0.000264464
0.8 0.828582 0.000213843
0.81 0.835537 0.000171201
0.82 0.84269 0.000135572
0.83 0.850035 0.000106064
0.84 0.857568 8.18639e-05
0.85 0.865284 6.22324e-05
0.86 0.873179 4.65002e-05
0.87 0.881248 3.40661e-05
0.88 0.889487 2.43933e-05
0.89 0.897891 1.70057e-05
0.9 0.906455 1.14841e-05
0.91 0.915176 7.46232e-06
0.92 0.924048 4.62373e-06
0.93 0.933068 2.69729e-06
0.94 0.942231 1.45404e-06
0.95 0.951534 7.03636e-07
0.96 0.960972 2.91194e-07
0.97 0.970541 9.40647e-08
0.98 0.980238 1.93205e-08
0.99 0.990059 1.30947e-09
