0 1 5.85254e-15
0.02 0.944046 0.00211919
0.04 0.88453 0.00760918
0.06 0.828297 0.0161714
0.08 0.769221 0.0278054
0.1 0.711404 0.0426407
0.12 0.65371 0.060912
0.14 0.598114 0.0829589
0.16 0.543083 0.109239
0.18 0.490549 0.140336
0.2 0.43943 0.176949
0.22 0.390295 0.219797
0.24 0.344385 0.269396
0.26 0.301685 0.326277
0.28 0.26341 0.389965
0.3 0.22929 0.45834
0.32 0.197914 0.527355
0.34 0.17522 0.590304
0.36 0.153174 0.636892
0.38 0.139131 0.683848
0.4 0.128306 0.694757
0.42 0.126126 0.652438
0.44 0.128732 0.600697
0.46 0.136949 0.536311
0.48 0.151946 0.456959
0.5 0.169958 0.379509
0.52 0.191022 0.30665
0.54 0.214538 0.245341
0.56 0.240006 0.194401
0.58 0.267053 0.152538
0.6 0.295448 0.11862
0.62 0.325066 0.0913503
0.64 0.355853 0.0696116
0.66 0.387016 0.0524446
0.68 0.419158 0.038997
0.7 0.452554 0.0285863
0.72 0.486094 0.0206099
0.74 0.519816 0.0145912
0.76 0.556641 0.663643
0.78 0.589955 0.00681355
0.8 0.629448 0.0120345
0.82 0.669635 0.0380565
0.84 0.707563 0.0875062
0.86 0.734469 0.289613
0.88 0.772605 0.80526
0.9 0.81927 0.0790681
0.92 0.853442 0.366455
0.94 0.885667 0.0572728
0.96 0.929811 0.248868
0.98 0.966402 0.434567
