0 2 0
0.01 1.9701 8.26432e-05
0.02 1.94041 0.000300535
0.03 1.91094 0.000639805
0.04 1.88167 0.00109489
0.05 1.85261 0.00166283
0.06 1.82377 0.00234188
0.07 1.79514 0.00313095
0.08 1.76673 0.00402934
0.09 1.73854 0.00503655
0.1 1.71056 0.00615216
0.11 1.68281 0.00737579
0.12 1.65527 0.00870705
0.13 1.62796 0.0101454
0.14 1.60086 0.0116904
0.15 1.57399 0.0133413
0.16 1.54734 0.0150973
0.17 1.52091 0.0169574
0.18 1.4947 0.0189207
0.19 1.46871 0.0209857
0.2 1.44295 0.0231511
0.21 1.41741 0.0254154
0.22 1.39209 0.0277768
0.23 1.367 0.0302335
0.24 1.34212 0.0327833
0.25 1.31747 0.035424
0.26 1.29304 0.0381534
0.27 1.26882 0.0409688
0.28 1.24483 0.0438676
0.29 1.22106 0.046847
0.3 1.19751 0.0499039
0.31 1.17417 0.0530352
0.32 1.15106 0.0562377
0.33 1.12816 0.0595079
0.34 1.10548 0.0628422
0.35 1.08302 0.0662369
0.36 1.06077 0.069688
0.37 1.03875 0.0731914
0.38 1.01694 0.0767429
0.39 0.995342 0.080338
0.4 0.973965 0.0839718
0.41 0.952807 0.0876396
0.42 0.931868 0.0913358
0.43 0.911148 0.0950551
0.44 0.890648 0.0987914
0.45 0.870371 0.102538
0.46 0.850318 0.106289
0.47 0.83049 0.110037
0.48 0.810892 0.113772
0.49 0.791525 0.117488
0.5 0.772393 0.121174
0.51 0.7535 0.12482
0.52 0.734851 0.128414
0.53 0.716452 0.131944
0.54 0.698308 0.135396
0.55 0.680427 0.138753
0.56 0.662817 0.142
0.57 0.645487 0.145115
0.58 0.628446 0.148078
0.59 0.611707 0.150864
0.6 0.595282 0.153447
0.61 0.579187 0.155796
0.62 0.563436 0.157879
0.63 0.548048 0.159657
0.64 0.533042 0.161092
0.65 0.518442 0.162139
0.66 0.504271 0.162749
0.67 0.490557 0.162872
0.68 0.477328 0.162452
0.69 0.464617 0.161435
0.7 0.452459 0.159761
0.71 0.440891 0.157377
0.72 0.429954 0.154229
0.73 0.419689 0.150272
0.74 0.410142 0.14547
0.75 0.401359 0.139805
0.76 0.393387 0.133277
0.77 0.386274 0.12591
0.78 0.380065 0.11776
0.79 0.374805 0.108914
0.8 0.370535 0.0994931
0.81 0.367292 0.0896515
0.82 0.365107 0.0795728
0.83 0.364003 0.0694614
0.84 0.363998 0.0595327
0.85 0.3651 0.0500005
0.86 0.367307 0.0410633
0.87 0.370612 0.0328917
0.88 0.374999 0.0256175
0.89 0.380443 0.0193262
0.9 0.386917 0.0140543
0.91 0.394387 0.00978894
0.92 0.402815 0.00647366
0.93 0.412163 0.0040153
0.94 0.422389 0.00229392
0.95 0.433454 0.00117346
0.96 0.445318 0.000512548
0.97 0.45794 0.000174773
0.98 0.471285 3.80175e-05
0.99 0.485316 2.76143e-06
